[MainForm]
Top=39
Left=26
Width=1301
Height=602
[Misc]
InfoPanel=0
[SerialPort]
Device=None
[Params]
Start_MHz=0.05
Stop_MHz=900
Center_MHz=450.025
Span_MHz=899.95
CW_MHz=145
Segments=1
Average=0
Velocity_Factor=PTFE (Teflon) (0.70)
Custom_Velocity_Factor=0.7
TDR_Window=10
[Graph]
GraphType1=Log mag S11
GraphType2=None
LineWidth=1
ShowPoints=0
EnableSpline=0
Max_0=100
Min_0=-100
MaxAuto_0=0
MinAuto_0=0
Max_1=10
Min_1=-90
MaxAuto_1=0
MinAuto_1=0
Max_2=10
Min_2=-90
MaxAuto_2=0
MinAuto_2=0
Max_3=10
Min_3=-90
MaxAuto_3=0
MinAuto_3=0
Max_4=1.20000004768372
Min_4=0
MaxAuto_4=0
MinAuto_4=0
Max_5=1.20000004768372
Min_5=0
MaxAuto_5=0
MinAuto_5=0
Max_6=1.20000004768372
Min_6=0
MaxAuto_6=0
MinAuto_6=0
Max_7=180
Min_7=-180
MaxAuto_7=0
MinAuto_7=0
Max_8=180
Min_8=-180
MaxAuto_8=0
MinAuto_8=0
Max_9=180
Min_9=-180
MaxAuto_9=0
MinAuto_9=0
Max_10=180
Min_10=-180
MaxAuto_10=0
MinAuto_10=0
Max_11=180
Min_11=-180
MaxAuto_11=0
MinAuto_11=0
Max_12=180
Min_12=-180
MaxAuto_12=0
MinAuto_12=0
Max_13=46
Min_13=1
MaxAuto_13=0
MinAuto_13=0
Max_14=500
Min_14=0
MaxAuto_14=0
MinAuto_14=0
Max_15=150
Min_15=0
MaxAuto_15=0
MinAuto_15=0
Max_16=100
Min_16=-100
MaxAuto_16=0
MinAuto_16=0
Max_17=100
Min_17=-100
MaxAuto_17=0
MinAuto_17=0
Max_18=100
Min_18=-100
MaxAuto_18=0
MinAuto_18=0
Max_19=100
Min_19=-100
MaxAuto_19=0
MinAuto_19=0
Max_20=100
Min_20=-100
MaxAuto_20=0
MinAuto_20=0
Max_21=100
Min_21=-100
MaxAuto_21=0
MinAuto_21=0
Max_22=100
Min_22=-100
MaxAuto_22=0
MinAuto_22=0
Max_23=100
Min_23=-100
MaxAuto_23=0
MinAuto_23=0
Max_24=100
Min_24=-100
MaxAuto_24=0
MinAuto_24=0
Max_25=500
Min_25=-500
MaxAuto_25=0
MinAuto_25=0
Max_26=500
Min_26=-500
MaxAuto_26=0
MinAuto_26=0
Max_27=1.20000004768372
Min_27=0
MaxAuto_27=0
MinAuto_27=0
Max_28=10
Min_28=-90
MaxAuto_28=0
MinAuto_28=0
Max_29=150
Min_29=0
MaxAuto_29=0
MinAuto_29=0
Max_30=1.20000004768372
Min_30=-1.20000004768372
MaxAuto_30=0
MinAuto_30=0
Max_31=1.20000004768372
Min_31=-1.20000004768372
MaxAuto_31=0
MinAuto_31=0
